	Matrix3d K0, R0, WR0;
					Vector3d T0, WT0;
					K0 << 2636.100000, 0.000000, 954.730000, 0.000000, 2636.627000, 1329.300000, 0.000000, 0.000000, 1.000000;
					R0 << 0.168194, 0.985707, 0.009673, 0.008403, 0.008379, -0.999930, -0.985718, 0.168263, -0.006874;
					WT0 << 0.379712, -0.028823, 0.000895;
					calibrations.push_back(Calibration(K0, R0, WT0));
	Matrix3d K1, R1, WR1;
					Vector3d T1, WT1;
					K1 << 2646.900000, 0.000000, 951.170000, 0.000000, 2647.429000, 1338.400000, 0.000000, 0.000000, 1.000000;
					R1 << 0.501124, 0.865292, 0.012042, 0.015035, 0.005207, -0.999873, -0.865245, 0.501241, -0.010400;
					WT1 << 0.334721, -0.155019, 0.000491;
					calibrations.push_back(Calibration(K1, R1, WT1));
	Matrix3d K2, R2, WR2;
					Vector3d T2, WT2;
					K2 << 2646.000000, 0.000000, 962.230000, 0.000000, 2647.058000, 1321.900000, 0.000000, 0.000000, 1.000000;
					R2 << 0.765157, 0.643805, -0.007061, 0.004290, -0.016065, -0.999862, -0.643829, 0.765021, -0.015054;
					WT2 << 0.248676, -0.258265, 0.000234;
					calibrations.push_back(Calibration(K2, R2, WT2));
	Matrix3d K3, R3, WR3;
					Vector3d T3, WT3;
					K3 << 2632.100000, 0.000000, 957.080000, 0.000000, 2632.890000, 1358.400000, 0.000000, 0.000000, 1.000000;
					R3 << 0.940222, 0.340462, 0.008211, 0.010327, -0.004402, -0.999937, -0.340405, 0.940248, -0.007655;
					WT3 << 0.132101, -0.326360, 0.000328;
					calibrations.push_back(Calibration(K3, R3, WT3));
	Matrix3d K4, R4, WR4;
					Vector3d T4, WT4;
					K4 << 2645.100000, 0.000000, 957.820000, 0.000000, 2645.365000, 1286.800000, 0.000000, 0.000000, 1.000000;
					R4 << 1.000000, 0.000000, -0.000000, -0.000000, 0.000000, -1.000000, 0.000000, 1.000000, 0.000000;
					WT4 << 0.000000, -0.350000, 0.000000;
					calibrations.push_back(Calibration(K4, R4, WT4));
	Matrix3d K5, R5, WR5;
					Vector3d T5, WT5;
					K5 << 2639.600000, 0.000000, 939.620000, 0.000000, 2639.864000, 1326.900000, 0.000000, 0.000000, 1.000000;
					R5 << 0.938005, -0.346609, 0.003063, -0.000366, -0.009826, -0.999952, 0.346622, 0.937958, -0.009344;
					WT5 << -0.132074, -0.325748, -0.000698;
					calibrations.push_back(Calibration(K5, R5, WT5));
	Matrix3d K6, R6, WR6;
					Vector3d T6, WT6;
					K6 << 2640.300000, 0.000000, 961.780000, 0.000000, 2640.300000, 1311.300000, 0.000000, 0.000000, 1.000000;
					R6 << 0.762413, -0.647088, 0.002102, -0.006620, -0.011048, -0.999917, 0.647057, 0.762335, -0.012707;
					WT6 << -0.248383, -0.258948, -0.001179;
					calibrations.push_back(Calibration(K6, R6, WT6));
	Matrix3d K7, R7, WR7;
					Vector3d T7, WT7;
					K7 << 2632.300000, 0.000000, 935.520000, 0.000000, 2632.826000, 1298.400000, 0.000000, 0.000000, 1.000000;
					R7 << 0.490403, -0.871496, 0.000011, -0.010344, -0.005834, -0.999930, 0.871435, 0.490368, -0.011876;
					WT7 << -0.333008, -0.155021, -0.001822;
					calibrations.push_back(Calibration(K7, R7, WT7));
	Matrix3d K8, R8, WR8;
					Vector3d T8, WT8;
					K8 << 2629.300000, 0.000000, 967.400000, 0.000000, 2629.826000, 1309.700000, 0.000000, 0.000000, 1.000000;
					R8 << 0.160787, -0.986986, 0.002512, -0.004254, -0.003238, -0.999986, 0.986980, 0.160774, -0.004719;
					WT8 << -0.377191, -0.028501, -0.002044;
					calibrations.push_back(Calibration(K8, R8, WT8));
